"target","output","question","recall"
"AAFHO | XWUOI | SGNAM | GEQAD | LGOLT","70153, 70153, 70153, 70153, 70153. Okay, let's try to figure out this problem. The user provided a text that's a repetition of the same lines about the","Question: Find all variables that are assigned the value 70153 in the text above. Answer: According to the chain(s) of variable assignment in the text above, 5 variables are assigned the value 70153, they are:","0.0"
"JAQPP | HTENZ | GECYP | JKSED | XJVVR","42094, 42094, 42094, 42094, 42094. Okay, let's try to figure out this problem. The user provided a text that's a repetition of the same lines multiple times","Question: Find all variables that are assigned the value 42094 in the text above. Answer: According to the chain(s) of variable assignment in the text above, 5 variables are assigned the value 42094, they are:","0.0"
"SWBNK | YWFOT | STQRC | BYDLA | YHNBS","78142, 78142, 78142, 78142, 78142. Okay, let's try to figure out this problem. So, the task is to find all variables that are assigned the value","Question: Find all variables that are assigned the value 78142 in the text above. Answer: According to the chain(s) of variable assignment in the text above, 5 variables are assigned the value 78142, they are:","0.0"
"QEOCZ | AAUOX | WJYXJ | OTBFS | LVJFB","71108, 71108, 71108, 71108, 71108. Okay, let's try to figure out this problem. The user provided a text that's a repetition of the same lines multiple times","Question: Find all variables that are assigned the value 71108 in the text above. Answer: According to the chain(s) of variable assignment in the text above, 5 variables are assigned the value 71108, they are:","0.0"
"ZSDNJ | MEHOJ | AYMZI | ZEBUB | CZTBS","92338, 92338, 92338, 92338, 92338. Okay, let's try to figure out this problem. So, the task is to find all variables that are assigned the value","Question: Find all variables that are assigned the value 92338 in the text above. Answer: According to the chain(s) of variable assignment in the text above, 5 variables are assigned the value 92338, they are:","0.0"
"WUFXU | ITTSY | HKUIC | LOMWO | XWDVS","82171, 82171, 82171, 82171, 82171. Okay, let's try to figure out this problem. The user provided a text that's a repetition of the lines ""The grass","Question: Find all variables that are assigned the value 82171 in the text above. Answer: According to the chain(s) of variable assignment in the text above, 5 variables are assigned the value 82171, they are:","0.0"
"DNAEO | YLZQS | DGYTO | QOMDP | QLCSO","78141, 78141, 78141, 78141, 78141. Okay, let's try to figure out this problem. So, the task is to find all variables that are assigned the value","Question: Find all variables that are assigned the value 78141 in the text above. Answer: According to the chain(s) of variable assignment in the text above, 5 variables are assigned the value 78141, they are:","0.0"
"ULTFA | GLBAD | FLEQA | XOZKS | CLYCG","47863, 47863, 47863, 47863, 47863. Okay, let's try to figure out this problem. The user provided a text that's a repetition of the same lines multiple times","Question: Find all variables that are assigned the value 47863 in the text above. Answer: According to the chain(s) of variable assignment in the text above, 5 variables are assigned the value 47863, they are:","0.0"
"DERYU | KZCNX | NNRUE | LBNHO | IQPWQ","89488, 89488, 89488, 89488, 89488. Okay, let's try to figure out this problem. The user provided a text that's a repetition of the same lines multiple times","Question: Find all variables that are assigned the value 89488 in the text above. Answer: According to the chain(s) of variable assignment in the text above, 5 variables are assigned the value 89488, they are:","0.0"
"BBWPU | CBPWX | PBQBI | VGYCD | RDZTJ","65461, 65461, 65461, 65461, 65461. Okay, let's try to figure out this problem. So, the task is to find all variables that are assigned the value","Question: Find all variables that are assigned the value 65461 in the text above. Answer: According to the chain(s) of variable assignment in the text above, 5 variables are assigned the value 65461, they are:","0.0"
"FGOVB | PHMXE | WDIMP | WEFMF | ZXWHN","97488, 97488, 97488, 97488, 97488. Okay, let's try to figure out this problem. The user provided a text that's a repetition of the same lines multiple times","Question: Find all variables that are assigned the value 97488 in the text above. Answer: According to the chain(s) of variable assignment in the text above, 5 variables are assigned the value 97488, they are:","0.0"
"WSNFO | WKVHF | BZVFJ | GGUJQ | QACJR","17371, 17371, 17371, 17371, 17371. Okay, let's try to figure out this problem. So, the task is to find all variables that are assigned the value","Question: Find all variables that are assigned the value 17371 in the text above. Answer: According to the chain(s) of variable assignment in the text above, 5 variables are assigned the value 17371, they are:","0.0"
"QEMVR | SZEPW | TVNHM | LPPBP | EZBMM","60054, 60054, 60054, 60054, 60054. Okay, let's try to figure out this problem. So, the task is to find all variables that are assigned the value","Question: Find all variables that are assigned the value 60054 in the text above. Answer: According to the chain(s) of variable assignment in the text above, 5 variables are assigned the value 60054, they are:","0.0"
"OJSLZ | SRZAQ | PRGBR | DDZXY | PNGOH","56732, 56732, 56732, 56732, 56732. Okay, let's try to figure out this problem. The user provided a text that's a repetition of the same lines, and","Question: Find all variables that are assigned the value 56732 in the text above. Answer: According to the chain(s) of variable assignment in the text above, 5 variables are assigned the value 56732, they are:","0.0"
"WPKCE | JXEKG | NTFHA | DSURY | QGIRN","47342, 47342, 47342, 47342, 47342. Okay, let's try to figure out this problem. So, the task is to find all variables that are assigned the value","Question: Find all variables that are assigned the value 47342 in the text above. Answer: According to the chain(s) of variable assignment in the text above, 5 variables are assigned the value 47342, they are:","0.0"
"YLZAK | MYSWS | LAGMI | PIUFG | GBEBQ","1. 2. 3. 4. 5.   Okay, let's try to figure out this problem. The user provided a text that's a repetition of the lines ""The grass is green. The sky is blue. The sun is yellow. Here we go. There and","Question: Find all variables that are assigned the value 34988 in the text above. Answer: According to the chain(s) of variable assignment in the text above, 5 variables are assigned the value 34988, they are:","0.0"
"NDIKW | CSSLY | DHPAU | VEPIR | NSKWM","58067, 58067, 58067, 58067, 58067. Okay, let's try to figure out this problem. The user provided a block of text that seems to be repetitive, with lines","Question: Find all variables that are assigned the value 58067 in the text above. Answer: According to the chain(s) of variable assignment in the text above, 5 variables are assigned the value 58067, they are:","0.0"
"TVZGE | RUWZH | EIIET | XJQTB | WUGWT","71217, 71217, 71217, 71217, 71217. Okay, let's try to figure out this problem. The user provided a text that's a repetition of the lines ""The grass","Question: Find all variables that are assigned the value 71217 in the text above. Answer: According to the chain(s) of variable assignment in the text above, 5 variables are assigned the value 71217, they are:","0.0"
"OSDGC | HNMYV | DCJMC | CXVKY | IEGCK","1. 22004 2. 22004 3. 22004 4. 22004 5. 22004 Okay, let's try to figure out this problem. So, the task","Question: Find all variables that are assigned the value 22004 in the text above. Answer: According to the chain(s) of variable assignment in the text above, 5 variables are assigned the value 22004, they are:","0.0"
"JRKLS | DANPJ | JEPRF | CKBOC | TXCDU","1. 2. 3. 4. 5.   Okay, let's try to figure out this problem. The user provided a block of text that seems to be a repetitive song or a chant, repeating the lines ""The grass is green. The sky is blue. The sun","Question: Find all variables that are assigned the value 30156 in the text above. Answer: According to the chain(s) of variable assignment in the text above, 5 variables are assigned the value 30156, they are:","0.0"
"VSJAL | LVAHZ | PBDPW | PFMKA | MTWQZ","84428, 84428, 84428, 84428, 84428. Okay, let's try to figure out this problem. The user provided a text that's a repetition of the same lines multiple times","Question: Find all variables that are assigned the value 84428 in the text above. Answer: According to the chain(s) of variable assignment in the text above, 5 variables are assigned the value 84428, they are:","0.0"
"CLNGA | XMBEG | HUMER | GQBXN | GBIEV","41141, 41141, 41141, 41141, 41141. Okay, let's try to figure out this problem. The user provided a text that's a repetition of the lines ""The grass","Question: Find all variables that are assigned the value 41141 in the text above. Answer: According to the chain(s) of variable assignment in the text above, 5 variables are assigned the value 41141, they are:","0.0"
"WDIUT | KCSQU | LPUUY | CFQAJ | VGDHE","59389, 59389, 59389, 59389, 59389. Okay, let's try to figure out this problem. The user provided a text that's a repetition of the same lines multiple times","Question: Find all variables that are assigned the value 59389 in the text above. Answer: According to the chain(s) of variable assignment in the text above, 5 variables are assigned the value 59389, they are:","0.0"
"ACIHK | ITNKT | HDPHL | IGBTZ | YGLGU","17013, 17013, 17013, 17013, 17013. Okay, let's try to figure out this problem. So, the task is to find all variables that are assigned the value","Question: Find all variables that are assigned the value 17013 in the text above. Answer: According to the chain(s) of variable assignment in the text above, 5 variables are assigned the value 17013, they are:","0.0"
"BLEWR | WJKZJ | OTWHD | SEJGA | WICFD","97625, 97625, 97625, 97625, 97625. Okay, let's try to figure out this problem. So, the task is to find all variables that are assigned the value","Question: Find all variables that are assigned the value 97625 in the text above. Answer: According to the chain(s) of variable assignment in the text above, 5 variables are assigned the value 97625, they are:","0.0"
"MWPRH | NDJPT | KBRKF | PJEVY | OYWDQ","43734, 43734, 43734, 43734, 43734. Okay, let's try to figure out this problem. The user provided a text that's a repetition of the same lines multiple times","Question: Find all variables that are assigned the value 43734 in the text above. Answer: According to the chain(s) of variable assignment in the text above, 5 variables are assigned the value 43734, they are:","0.0"
"NWEET | MYLXN | AXVUQ | MXBTX | YYMHF","79466, 79466, 79466, 79466, 79466. Okay, let's try to figure out this problem. The user provided a text that's a repetition of the same lines multiple times","Question: Find all variables that are assigned the value 79466 in the text above. Answer: According to the chain(s) of variable assignment in the text above, 5 variables are assigned the value 79466, they are:","0.0"
"VRPIH | JTMOV | TZWCN | YSEEJ | MGTSS","47809, 47809, 47809, 47809, 47809. Okay, let's try to figure out this problem. The user provided a text that's a repetition of the same lines multiple times","Question: Find all variables that are assigned the value 47809 in the text above. Answer: According to the chain(s) of variable assignment in the text above, 5 variables are assigned the value 47809, they are:","0.0"
"PGGOC | TVFVZ | VQDDX | CTBNK | CMXPN","84295, 84295, 84295, 84295, 84295. Okay, let's try to figure out this problem. The user provided a text that's a repetition of the same lines multiple times","Question: Find all variables that are assigned the value 84295 in the text above. Answer: According to the chain(s) of variable assignment in the text above, 5 variables are assigned the value 84295, they are:","0.0"
"EGSLB | YNMRW | DRFNO | NWOOW | PTZNV","17997, 17997, 17997, 17997, 17997. Okay, let's try to figure out this problem. The user provided a text that's a repetition of the same lines multiple times","Question: Find all variables that are assigned the value 17997 in the text above. Answer: According to the chain(s) of variable assignment in the text above, 5 variables are assigned the value 17997, they are:","0.0"
"YFSKS | TZQHG | PPJJN | QVFPR | KWZQU","46033, 46033, 46033, 46033, 46033. Okay, let's try to figure out this problem. The user provided a text that's a repetition of the same lines multiple times","Question: Find all variables that are assigned the value 46033 in the text above. Answer: According to the chain(s) of variable assignment in the text above, 5 variables are assigned the value 46033, they are:","0.0"
"JKDXQ | ETZKP | CKYFD | SHLUQ | APDZF","77365, 77365, 77365, 77365, 77365. Okay, let's try to figure out this problem. The user provided a text that's a repetition of the same lines multiple times","Question: Find all variables that are assigned the value 77365 in the text above. Answer: According to the chain(s) of variable assignment in the text above, 5 variables are assigned the value 77365, they are:","0.0"
"LXIRJ | OWSZF | EBOFX | PBBWC | DHXWC","62882, 62882, 62882, 62882, 62882. Okay, let's try to figure out this problem. The user provided a text that's a repetition of the same lines multiple times","Question: Find all variables that are assigned the value 62882 in the text above. Answer: According to the chain(s) of variable assignment in the text above, 5 variables are assigned the value 62882, they are:","0.0"
"PVISB | OJEOW | UZIQJ | WSYQO | ZBXTW","28357, 28357, 28357, 28357, 28357. Okay, let's try to figure out this problem. The user provided a text that's a repetition of the same lines multiple times","Question: Find all variables that are assigned the value 28357 in the text above. Answer: According to the chain(s) of variable assignment in the text above, 5 variables are assigned the value 28357, they are:","0.0"
"UECKH | JBNKG | GTAQY | VDZOQ | EBNLA","77969, 77969, 77969, 77969, 77969. Okay, let's try to figure out this problem. The user provided a text that's a repetition of the same lines multiple times","Question: Find all variables that are assigned the value 77969 in the text above. Answer: According to the chain(s) of variable assignment in the text above, 5 variables are assigned the value 77969, they are:","0.0"
"GDDOK | HDXWH | BQTKS | TNQJS | TRHOE","22009, 22009, 22009, 22009, 22009. Okay, let's try to figure out this problem. The user provided a text that's a repetition of the lines ""The grass","Question: Find all variables that are assigned the value 22009 in the text above. Answer: According to the chain(s) of variable assignment in the text above, 5 variables are assigned the value 22009, they are:","0.0"
"ITCYI | KSZYI | ZBJAT | IAZBS | GWIQD","64502, 64502, 64502, 64502, 64502. Okay, let's try to figure out this problem. The user provided a text that's a repetition of the same lines multiple times","Question: Find all variables that are assigned the value 64502 in the text above. Answer: According to the chain(s) of variable assignment in the text above, 5 variables are assigned the value 64502, they are:","0.0"
"OKLDY | HQXUC | GNWDW | VBXBK | KOTGZ","71255, 71255, 71255, 71255, 71255. Okay, let's try to figure out this problem. The user provided a text that's a repetition of the same lines multiple times","Question: Find all variables that are assigned the value 71255 in the text above. Answer: According to the chain(s) of variable assignment in the text above, 5 variables are assigned the value 71255, they are:","0.0"
"ZRBFN | ULCPL | SCSJY | XJXLL | ZCWBP","1. 2. 3. 4. 5.   Okay, let's try to figure out this problem. The user provided a block of text that repeats the lines ""The grass is green. The sky is blue. The sun is yellow. Here we go. There and back","Question: Find all variables that are assigned the value 81482 in the text above. Answer: According to the chain(s) of variable assignment in the text above, 5 variables are assigned the value 81482, they are:","0.0"
"ASTYJ | HVRMS | DPOAX | KUFJL | EIKTV","92260, 92260, 92260, 92260, 92260. Okay, let's try to figure out this problem. The user provided a text that's a repetition of the same lines multiple times","Question: Find all variables that are assigned the value 92260 in the text above. Answer: According to the chain(s) of variable assignment in the text above, 5 variables are assigned the value 92260, they are:","0.0"
"RNHJZ | ZCXQP | CMGMD | BNUZU | KPLHA","66857, 66857, 66857, 66857, 66857. Okay, let's try to figure out this problem. The user provided a text that's a repetition of the same lines multiple times","Question: Find all variables that are assigned the value 66857 in the text above. Answer: According to the chain(s) of variable assignment in the text above, 5 variables are assigned the value 66857, they are:","0.0"
"BASHV | KOGXP | DHFVA | EMCMH | MEFMA","62258, 62258, 62258, 62258, 62258. Okay, let's try to figure out this problem. The user provided a text that's a repetition of the same lines multiple times","Question: Find all variables that are assigned the value 62258 in the text above. Answer: According to the chain(s) of variable assignment in the text above, 5 variables are assigned the value 62258, they are:","0.0"
"MFMVW | TZOEX | JTGOY | RQFRG | HHKRJ","10196, 10196, 10196, 10196, 10196. Okay, let's try to figure out this problem. The user provided a text that's a repetition of the same lines multiple times","Question: Find all variables that are assigned the value 10196 in the text above. Answer: According to the chain(s) of variable assignment in the text above, 5 variables are assigned the value 10196, they are:","0.0"
"UFVFV | FBFJG | ARKZL | HWSJV | XNBXO","53843, 53843, 53843, 53843, 53843. Okay, let's try to figure out this problem. So, the task is to find all variables that are assigned the value","Question: Find all variables that are assigned the value 53843 in the text above. Answer: According to the chain(s) of variable assignment in the text above, 5 variables are assigned the value 53843, they are:","0.0"
"LAKFP | QFUZS | DSDLK | QKQKU | NCYOB","76725, 76725, 76725, 76725, 76725. Okay, let's try to figure out this problem. The user provided a text that's a repetition of the same lines multiple times","Question: Find all variables that are assigned the value 76725 in the text above. Answer: According to the chain(s) of variable assignment in the text above, 5 variables are assigned the value 76725, they are:","0.0"
"THMRK | OGQHJ | HFZYP | PQEEN | OUBOX","57558, 57558, 57558, 57558, 57558. Okay, let's try to figure out this problem. So, the task is to find all variables that are assigned the value","Question: Find all variables that are assigned the value 57558 in the text above. Answer: According to the chain(s) of variable assignment in the text above, 5 variables are assigned the value 57558, they are:","0.0"
"KYOJS | ALCBQ | OGSWK | DYFFD | XIMLC","68546, 68546, 68546, 68546, 68546. Okay, let's try to figure out this problem. The user provided a text that's a repetition of the lines ""The grass","Question: Find all variables that are assigned the value 68546 in the text above. Answer: According to the chain(s) of variable assignment in the text above, 5 variables are assigned the value 68546, they are:","0.0"
"LNLEP | OGXQX | AMLYJ | CVVNY | PKQKP","73277, 73277, 73277, 73277, 73277. Okay, let's try to figure out this problem. The user provided a text that's a repetition of the same lines over and","Question: Find all variables that are assigned the value 73277 in the text above. Answer: According to the chain(s) of variable assignment in the text above, 5 variables are assigned the value 73277, they are:","0.0"
"RTMXP | ODNEP | ZBPSC | PGKOG | JAFDN","40233, 40233, 40233, 40233, 40233. Okay, let's try to figure out this problem. So, the task is to find all variables that are assigned the value","Question: Find all variables that are assigned the value 40233 in the text above. Answer: According to the chain(s) of variable assignment in the text above, 5 variables are assigned the value 40233, they are:","0.0"
"HJJCE | IPZJK | KTMRH | MRYXX | ARTUG","1. 2. 3. 4. 5. Okay, let's try to figure out this problem. The user provided a text that's a repetition of the same lines multiple times, and they want me to find all variables assigned the value 32950. Wait","Question: Find all variables that are assigned the value 32950 in the text above. Answer: According to the chain(s) of variable assignment in the text above, 5 variables are assigned the value 32950, they are:","0.0"
"CPUHS | NIQMW | VEIRE | AHAFN | MIHTQ","1. 2. 3. 4. 5.   Okay, let's try to figure out this problem. So, the task is to find all variables that are assigned the value 12864 in the given text. The text provided seems to be a repetitive set","Question: Find all variables that are assigned the value 12864 in the text above. Answer: According to the chain(s) of variable assignment in the text above, 5 variables are assigned the value 12864, they are:","0.0"
"VSGFY | ECNII | YWZHV | QPDQQ | VJHEZ","1. VJHEZ 2. QPDQQ 3. 4. 5.   Okay, let's try to figure out this problem. So, the task is to find all variables that are assigned the value 41586 in the given text. The text","Question: Find all variables that are assigned the value 41586 in the text above. Answer: According to the chain(s) of variable assignment in the text above, 5 variables are assigned the value 41586, they are:","0.4"
"RUPNY | RWORE | QOHUA | GCWYM | QQOZI","1. QQOZI 2. GCWYM 3. 4. 5.   Okay, let's try to figure out this problem. So, the task is to find all variables that are assigned the value 10013 in the given text. The text","Question: Find all variables that are assigned the value 10013 in the text above. Answer: According to the chain(s) of variable assignment in the text above, 5 variables are assigned the value 10013, they are:","0.4"
"SVGZQ | KKWJV | JPGVJ | JZEUJ | OXODO","67201, 67201, 67201, 67201, 67201. Okay, let's try to figure out this problem. The user provided a text that's a repetition of the same lines multiple times","Question: Find all variables that are assigned the value 67201 in the text above. Answer: According to the chain(s) of variable assignment in the text above, 5 variables are assigned the value 67201, they are:","0.0"
"TPLDN | GORGG | BGBHL | UPPVA | NDEKZ","60874, 60874, 60874, 60874, 60874. Okay, let's try to figure out this problem. The user provided a text that's a repetition of the same lines about the","Question: Find all variables that are assigned the value 60874 in the text above. Answer: According to the chain(s) of variable assignment in the text above, 5 variables are assigned the value 60874, they are:","0.0"
"IZTPQ | BTVTS | ZPMKO | GVJAD | VZCNY","83721, 83721, 83721, 83721, 83721. Okay, let's try to figure out this problem. The user provided a text that's a repetition of the same lines multiple times","Question: Find all variables that are assigned the value 83721 in the text above. Answer: According to the chain(s) of variable assignment in the text above, 5 variables are assigned the value 83721, they are:","0.0"
"WPOZC | ZIKLF | IOWKR | RDHII | YCLQS","1. 2. 3. 4. 5.   Okay, let's try to figure out this problem. The user provided a text that's a repetition of the lines ""The grass is green. The sky is blue. The sun is yellow. Here we go. There and","Question: Find all variables that are assigned the value 22784 in the text above. Answer: According to the chain(s) of variable assignment in the text above, 5 variables are assigned the value 22784, they are:","0.0"
"GXQXS | DNOEB | UBHSJ | DSKLY | UIFWV","1. 2. 3. 4. 5. Okay, let's try to figure out this problem. So, the task is to find all variables that are assigned the value 32300 in the given text. The text provided seems to be a repetitive sequence of","Question: Find all variables that are assigned the value 32300 in the text above. Answer: According to the chain(s) of variable assignment in the text above, 5 variables are assigned the value 32300, they are:","0.0"
"RUYAI | DMPTR | HOSRG | LFGVT | JNFCR","82933, 82933, 82933, 82933, 82933. Okay, let's try to figure out this problem. The user provided a text that's a repetition of the same lines about the","Question: Find all variables that are assigned the value 82933 in the text above. Answer: According to the chain(s) of variable assignment in the text above, 5 variables are assigned the value 82933, they are:","0.0"
"BFJEM | USPUB | YTZPC | PRRTE | AIJNL","17313, 17313, 17313, 17313, 17313. Okay, let's try to figure out this problem. The user provided a text that's a repetition of the same lines multiple times","Question: Find all variables that are assigned the value 17313 in the text above. Answer: According to the chain(s) of variable assignment in the text above, 5 variables are assigned the value 17313, they are:","0.0"
"WTDQY | DOQBD | YKOKZ | KKGPP | OJDBQ","42514, 42514, 42514, 42514, 42514. Okay, let's try to figure out this problem. The user provided a text that's a repetition of the same lines multiple times","Question: Find all variables that are assigned the value 42514 in the text above. Answer: According to the chain(s) of variable assignment in the text above, 5 variables are assigned the value 42514, they are:","0.0"
"WHFCV | IFXJH | TNZHE | IOSQF | UFUBB","95108, 95108, 95108, 95108, 95108. Okay, let's try to figure out this problem. So, the task is to find all variables that are assigned the value","Question: Find all variables that are assigned the value 95108 in the text above. Answer: According to the chain(s) of variable assignment in the text above, 5 variables are assigned the value 95108, they are:","0.0"
"HJMIB | YUIGT | APLXS | OUGRF | HENGM","56246, 56246, 56246, 56246, 56246. Okay, let's try to figure out this problem. The user provided a text that's a repetition of the lines ""The grass","Question: Find all variables that are assigned the value 56246 in the text above. Answer: According to the chain(s) of variable assignment in the text above, 5 variables are assigned the value 56246, they are:","0.0"
"RTZSY | UFQZQ | EUSVW | XSKHI | ZJZPU","71657, 71657, 71657, 71657, 71657. Okay, let's try to figure out this problem. The user provided a text that's a repetition of the same lines multiple times","Question: Find all variables that are assigned the value 71657 in the text above. Answer: According to the chain(s) of variable assignment in the text above, 5 variables are assigned the value 71657, they are:","0.0"
"MLVUI | NEADQ | VZWPD | SHVBB | HYIHA","1. VAR HYIHA 2. VAR SHVBB 3. VAR ZYJYJ 4. VAR KXKXK 5. VAR YJYJY Okay, let's try to figure out this problem. So, the task is to find all","Question: Find all variables that are assigned the value 24208 in the text above. Answer: According to the chain(s) of variable assignment in the text above, 5 variables are assigned the value 24208, they are:","0.4"
"NAQSF | XJLOE | EEHVB | QOZHU | BPJUE","34334, 34334, 34334, 34334, 34334. Okay, let's try to figure out this problem. The user provided a text that's a repetition of the same lines multiple times","Question: Find all variables that are assigned the value 34334 in the text above. Answer: According to the chain(s) of variable assignment in the text above, 5 variables are assigned the value 34334, they are:","0.0"
"RUIDX | PECCB | WDGHR | ZIDAE | CBMAZ","57721, 57721, 57721, 57721, 57721. Okay, let's try to figure out this problem. The user provided a text that's a repetition of the same lines multiple times","Question: Find all variables that are assigned the value 57721 in the text above. Answer: According to the chain(s) of variable assignment in the text above, 5 variables are assigned the value 57721, they are:","0.0"
"LQIFE | WSGNR | TALWC | OWYSA | WMNNI","1. 2. 3. 4. 5.   Okay, let's try to figure out this problem. The user provided a text that's a repetition of the same lines multiple times, and they want me to find all variables assigned the value 21868.","Question: Find all variables that are assigned the value 21868 in the text above. Answer: According to the chain(s) of variable assignment in the text above, 5 variables are assigned the value 21868, they are:","0.0"
"KSLCM | EZTBT | CTGCJ | SWCKD | ALJXA","1. 2. 3. 4. 5. Okay, let's try to figure out this problem. So, the task is to find all variables that are assigned the value 28230 in the given text. The text provided is a repetitive set of lines,","Question: Find all variables that are assigned the value 28230 in the text above. Answer: According to the chain(s) of variable assignment in the text above, 5 variables are assigned the value 28230, they are:","0.0"
"LLLFB | GBXNW | LBEZR | VLUHL | TZHBX","1. VAR LBEZR 2. VAR VLUHL 3. VAR TZHBX 4. VAR VLUHL 5. VAR TZHBX Okay, let's try to figure out this problem. So, the task is to find all variables that are assigned the value","Question: Find all variables that are assigned the value 47371 in the text above. Answer: According to the chain(s) of variable assignment in the text above, 5 variables are assigned the value 47371, they are:","0.6"
"CVBAB | NFFPG | WWCGO | BITNN | BXNQC","1. 2. 3. 4. 5.   Okay, let's try to figure out this problem. The user provided a block of text that repeats the lines ""The grass is green. The sky is blue. The sun is yellow. Here we go. There and back","Question: Find all variables that are assigned the value 34422 in the text above. Answer: According to the chain(s) of variable assignment in the text above, 5 variables are assigned the value 34422, they are:","0.0"
"USFCT | RZPWS | IFKGW | MXKJR | XTKXR","1. 2. 3. 4. 5.   Okay, let's try to figure out this problem. The user provided a text that's a repetition of the same lines multiple times, and they want me to find all variables assigned the value 25488.","Question: Find all variables that are assigned the value 25488 in the text above. Answer: According to the chain(s) of variable assignment in the text above, 5 variables are assigned the value 25488, they are:","0.0"
"MFZRC | IOONQ | KJOVR | KTYFF | CFYPZ","1. 2. 3. 4. 5. Okay, let's try to figure out this problem. So, the task is to find all variables that are assigned the value 45671 in the given text. The text provided is a repetitive set of lines about","Question: Find all variables that are assigned the value 45671 in the text above. Answer: According to the chain(s) of variable assignment in the text above, 5 variables are assigned the value 45671, they are:","0.0"
"GGSDP | QKDEG | WGBZA | LYQXY | VQZDM","10818, 10818, 10818, 10818, 10818. Okay, let's try to figure out this problem. So, the task is to find all variables that are assigned the value","Question: Find all variables that are assigned the value 10818 in the text above. Answer: According to the chain(s) of variable assignment in the text above, 5 variables are assigned the value 10818, they are:","0.0"
"CCPUV | GFPHJ | YUTFK | QMHZQ | ETAQX","97615, 97615, 97615, 97615, 97615. Okay, let's try to figure out this problem. The user provided a text that's a repetition of the lines ""The grass","Question: Find all variables that are assigned the value 97615 in the text above. Answer: According to the chain(s) of variable assignment in the text above, 5 variables are assigned the value 97615, they are:","0.0"
"TSHVB | EMICE | JBGKZ | ZLUYA | ZQRQY","61404, 61404, 61404, 61404, 61404. Okay, let's try to figure out this problem. The user provided a text that's a repetition of the same lines, and","Question: Find all variables that are assigned the value 61404 in the text above. Answer: According to the chain(s) of variable assignment in the text above, 5 variables are assigned the value 61404, they are:","0.0"
"ZFLIZ | IGNQK | TMENS | JDURS | SAVRY","68745, 68745, 68745, 68745, 68745. Okay, let's try to figure out this problem. So, the task is to find all variables that are assigned the value","Question: Find all variables that are assigned the value 68745 in the text above. Answer: According to the chain(s) of variable assignment in the text above, 5 variables are assigned the value 68745, they are:","0.0"
"PGPYQ | YGRPI | HBEYQ | BUYTF | JCGIT","66691, 66691, 66691, 66691, 66691. Okay, let's try to figure out this problem. The user provided a text that's a repetition of the same lines multiple times","Question: Find all variables that are assigned the value 66691 in the text above. Answer: According to the chain(s) of variable assignment in the text above, 5 variables are assigned the value 66691, they are:","0.0"
"PZZSI | XXBCG | OZJVY | JJCZB | XOUZR","64267, 64267, 64267, 64267, 64267. Okay, let's try to figure out this problem. The user provided a text that's a repetition of the same lines over and","Question: Find all variables that are assigned the value 64267 in the text above. Answer: According to the chain(s) of variable assignment in the text above, 5 variables are assigned the value 64267, they are:","0.0"
"TCLGI | DRVZR | WSMSV | CCWMN | TQNLQ","1. 2. 3. 4. 5.   Okay, let's try to figure out this problem. The user provided a block of text that seems to be a repetitive song or a chant, repeating lines about the grass, sky, sun, and the phrase ""Here we","Question: Find all variables that are assigned the value 28991 in the text above. Answer: According to the chain(s) of variable assignment in the text above, 5 variables are assigned the value 28991, they are:","0.0"
"UINUU | LZTJQ | HDTZT | EWTTV | OULOM","69868, 69868, 69868, 69868, 69868. Okay, let's try to figure out this problem. The user provided a text that's a repetition of the same lines over and","Question: Find all variables that are assigned the value 69868 in the text above. Answer: According to the chain(s) of variable assignment in the text above, 5 variables are assigned the value 69868, they are:","0.0"
"XNUYC | CYRSY | NXKBT | YIAFX | MIIAZ","11493, 11493, 11493, 11493, 11493. Okay, let's try to figure out this problem. The user provided a text that's a repetition of the same lines multiple times","Question: Find all variables that are assigned the value 11493 in the text above. Answer: According to the chain(s) of variable assignment in the text above, 5 variables are assigned the value 11493, they are:","0.0"
"WSKXY | AMQHY | XEVQX | LGWEA | JUZXJ","1. 2. 3. 4. 5.   Okay, let's try to figure out this problem. The user provided a text that's a repetition of the same lines multiple times. The task is to find all variables that are assigned the value 23505","Question: Find all variables that are assigned the value 23505 in the text above. Answer: According to the chain(s) of variable assignment in the text above, 5 variables are assigned the value 23505, they are:","0.0"
"CNDFZ | JSIZJ | RAJLG | QZVNZ | UHBPA","44175, 44175, 44175, 44175, 44175. Okay, let's try to figure out this problem. The user provided a text that's a repetition of the lines ""The grass","Question: Find all variables that are assigned the value 44175 in the text above. Answer: According to the chain(s) of variable assignment in the text above, 5 variables are assigned the value 44175, they are:","0.0"
"YBKGG | PCSGD | PFRMI | ESQOD | XTFJK","1. 2. 3. 4. 5.   Okay, let's try to figure out this problem. The user provided a block of text that seems to be a repetitive song or a chant, repeating lines about the grass, sky, sun, and the phrase ""Here we","Question: Find all variables that are assigned the value 80918 in the text above. Answer: According to the chain(s) of variable assignment in the text above, 5 variables are assigned the value 80918, they are:","0.0"
"FXJEN | ICLMP | ODVHX | HUBDY | FLFEJ","1. 2. 3. 4. 5.   Okay, let's try to figure out this problem. The user provided a text that's a repetition of the same lines multiple times, and they want me to find all variables assigned the value 30810.","Question: Find all variables that are assigned the value 30810 in the text above. Answer: According to the chain(s) of variable assignment in the text above, 5 variables are assigned the value 30810, they are:","0.0"
"XZNCO | ACXHQ | FLNQO | CMGFD | VMSFE","87266, 87266, 87266, 87266, 87266. Okay, let's try to figure out this problem. The user provided a text that's a repetition of the same lines multiple times","Question: Find all variables that are assigned the value 87266 in the text above. Answer: According to the chain(s) of variable assignment in the text above, 5 variables are assigned the value 87266, they are:","0.0"
"APFZM | IMXYB | XHZMJ | HWZOL | NEITB","1. 2. 3. 4. 5.   Okay, let's try to figure out this problem. The user provided a text that's a repetition of the lines ""The grass is green. The sky is blue. The sun is yellow. Here we go. There and","Question: Find all variables that are assigned the value 24234 in the text above. Answer: According to the chain(s) of variable assignment in the text above, 5 variables are assigned the value 24234, they are:","0.0"
"WSAIF | DDTUT | YKZEU | JBKLW | THEUJ","10505, 10505, 10505, 10505, 10505. Okay, let's try to figure out this problem. So, the task is to find all variables that are assigned the value","Question: Find all variables that are assigned the value 10505 in the text above. Answer: According to the chain(s) of variable assignment in the text above, 5 variables are assigned the value 10505, they are:","0.0"
"JTLIU | TSAOS | CEBZO | VDHXW | EWVSK","97351, 97351, 97351, 97351, 97351. Okay, let's try to figure out this problem. So, the task is to find all variables that are assigned the value","Question: Find all variables that are assigned the value 97351 in the text above. Answer: According to the chain(s) of variable assignment in the text above, 5 variables are assigned the value 97351, they are:","0.0"
"BFOML | PPCVO | SVNJB | XAIXM | AOMFX","81710, 81710, 81710, 81710, 81710. Okay, let's try to figure out this problem. The user provided a text that's a repetition of the same lines multiple times","Question: Find all variables that are assigned the value 81710 in the text above. Answer: According to the chain(s) of variable assignment in the text above, 5 variables are assigned the value 81710, they are:","0.0"
"UCHCC | QFWWR | ZNQBR | OJSVH | VLFGP","77521, 77521, 77521, 77521, 77521.   Okay, let's try to figure out this problem. So, the task is to find all variables that are assigned the value","Question: Find all variables that are assigned the value 77521 in the text above. Answer: According to the chain(s) of variable assignment in the text above, 5 variables are assigned the value 77521, they are:","0.0"
"KDYKB | NUOIV | TTHAH | VAOQE | FYALH","78824, 78824, 78824, 78824, 78824.   Okay, let's try to figure out this problem. So, the user provided a block of text that seems to repeat the","Question: Find all variables that are assigned the value 78824 in the text above. Answer: According to the chain(s) of variable assignment in the text above, 5 variables are assigned the value 78824, they are:","0.0"
"IXTGI | SIXTP | CYISZ | YCEDJ | MGKQK","78992, 78992, 78992, 78992, 78992. Okay, let's try to figure out this problem. So, the task is to find all variables that are assigned the value","Question: Find all variables that are assigned the value 78992 in the text above. Answer: According to the chain(s) of variable assignment in the text above, 5 variables are assigned the value 78992, they are:","0.0"
"YPLOQ | PXSQS | RCIKW | BXNHH | KZUUB","57802, 57802, 57802, 57802, 57802. Okay, let's try to figure out this problem. So, the task is to find all variables that are assigned the value","Question: Find all variables that are assigned the value 57802 in the text above. Answer: According to the chain(s) of variable assignment in the text above, 5 variables are assigned the value 57802, they are:","0.0"
"MGEJP | XFBTE | ROHYZ | JRDEQ | GCVRJ","65455, 65455, 65455, 65455, 65455. Okay, let's try to figure out this problem. The user provided a text that's a repetition of the same lines, and","Question: Find all variables that are assigned the value 65455 in the text above. Answer: According to the chain(s) of variable assignment in the text above, 5 variables are assigned the value 65455, they are:","0.0"
"SXYMW | BOMYA | IZODZ | RMBTE | QPKEZ","1. 22324 2. 22324 3. 22324 4. 22324 5. 22324.   Okay, let's see. The user provided a text that's a","Question: Find all variables that are assigned the value 22324 in the text above. Answer: According to the chain(s) of variable assignment in the text above, 5 variables are assigned the value 22324, they are:","0.0"
"BAHAW | MKYZR | GWLMR | RZMKW | DORDH","15117, 15117, 15117, 15117, 15117. Okay, let's try to figure out this problem. The user provided a text that's a repetition of the same lines multiple times","Question: Find all variables that are assigned the value 15117 in the text above. Answer: According to the chain(s) of variable assignment in the text above, 5 variables are assigned the value 15117, they are:","0.0"
"HUGNX | DREDK | BBJZW | LDEYU | JRWCN","1. 2. 3. 4. 5.   Okay, let's try to figure out this problem. The user provided a text that's a repetition of the lines ""The grass is green. The sky is blue. The sun is yellow. Here we go. There and","Question: Find all variables that are assigned the value 41281 in the text above. Answer: According to the chain(s) of variable assignment in the text above, 5 variables are assigned the value 41281, they are:","0.0"
"MJJDC | WKUEJ | JFIYK | CGCQF | OJDAX","18204, 18204, 18204, 18204, 18204. Okay, let's try to figure out this problem. The user provided a text that's a repetition of the same lines multiple times","Question: Find all variables that are assigned the value 18204 in the text above. Answer: According to the chain(s) of variable assignment in the text above, 5 variables are assigned the value 18204, they are:","0.0"
