2102.05379
2105.05233
2107.03006
2112.06749
2205.14217
2206.05895
2208.00638
2210.08933
2210.16886
2210.17432
2211.04236
2211.15029
2211.15089
2212.09412
2212.09462
2212.10325
2212.11685
2302.05737
2302.10025
2303.06574
2304.04746
2304.12519
2305.04044
2305.04465
2305.08379
2305.09515
2305.11517
2305.18619
2307.13949
2308.12219
2309.12207
2310.05793
2310.09930
2310.11976
2310.16834
2312.06662
2312.11923
2402.07754
2402.14843
2402.19009
2402.19097
2403.16995
2404.10763
2406.01572
2406.03736
2406.04329
2406.07524
2407.10998
2408.04220
2408.05636
2409.02908
2410.01949
2410.06264
2410.08134
2410.08709
2410.13201
2410.13643
2410.14157
2410.16735
2410.17891
2410.18514
2410.21035
2410.21357
2410.22971
2411.03250
2412.11333
2501.00862
2502.01384
2502.06768
2502.09622
2502.09767
2502.13917
2502.19765
2503.00307
2503.04482
2503.09790
2503.10683
2503.17382
2503.20853
2504.12216
2504.16431
2505.05755
2505.10446
2505.14455
2505.15045
2505.15781
2505.15809
2505.16839
2505.16933
2505.16990
2505.18456
2505.18853
2505.20147
2505.20199
2505.21467
2505.22165
2505.22869
2505.23061
2505.23606
2505.24857
2506.00290
2506.00413
2506.01928
2506.06295
2506.08293
2506.10848
2506.10892
2506.13579
2506.13759
2506.14429
2506.17298
2506.19037
2506.20639
2506.21170
2506.21557
2507.04341
2507.04504
2507.07050
2507.07586
2507.08018
2507.08390
2507.08838
2507.11097
2507.12469
2507.18578
2507.19081
2507.19227
2508.01473
2508.02193
2508.02558
2508.08712
2508.09138
2508.09192
2508.10111
2508.10736
2508.10875
2508.10995
2508.12398
2508.13021
2508.13148
2508.14090
2508.14148
2508.14896
2508.19529
2508.19982
2509.00707
2509.05056
2509.06040
2509.06932
2509.06949
2509.10396
2509.13866
2509.15188
2509.18085
2509.19244
2509.20109
2509.22738
2509.23094
2509.23146
2509.23286
2509.23653
2509.23924
2509.24007
2509.24014
2509.24296
2509.24975
2509.25035
2509.25188
2509.25604
2509.25681
2509.26488
2510.00294
2510.01028
2510.01274
2510.01329
2510.01544
2510.02358
2510.02902
2510.03206
2510.03280
2510.03289
2510.03680
2510.04019
2510.04071
2510.04146
2510.04147
2510.04573
2510.04767
2510.05040
2510.05090
2510.06133
2510.06303
2510.06308
2510.07081
2510.08632
2510.08666
2510.09309
2510.09541
2510.09544
2510.09885
2510.10481
2510.11052
2510.11683
2510.13117
2510.13870
2510.14961
2510.14973
2510.15244
2510.15731
2510.17206
2510.18165
2510.18480
2510.19871
2510.21473
2510.21961
2510.22510
2510.23606
2510.23658
2510.24605
2510.26200
2510.27469
2511.00606
2511.01718
2511.03276
2511.06254
2511.08923
2511.09611
2511.19269
2511.21103
2511.21759
2511.22146
2512.02044
2512.02892
2512.03759
2512.06776
2512.09675
2512.12168
2512.13586
2512.14008
2512.14067
2512.15713
2512.15745
2512.20573
2512.20604
2512.21336
2512.22630
2512.24143
2601.02076
2601.02236
2601.03199
2601.07347
2601.07351
2601.07568
2601.11342
2601.12247
2601.12376
2601.12979
2601.13228
2601.13599
2601.14758
2601.15165
2601.15593
2601.15892
2601.17868
2601.17917
2601.19041
2601.19657
2601.20125
2601.20339
2601.21647
2601.22031
2601.22035
2601.22629
2601.22947
2601.22954
2601.23182
2601.23278
2602.01362
2602.01842
2602.02112
2602.02133
2602.02159
2602.02178
2602.04096
2602.04399
2602.05000
2602.05711
2602.05859
2602.05992
2602.06036
2602.06161
2602.06412
2602.06462
2602.06953
2602.08048
2602.08404
2602.09501
2602.09555
2602.10953
2602.11133
2602.11715
2602.12153
2602.12528
2602.14209
2602.15014
2602.17664
2602.18176
2602.19816
2602.22661
2602.22868
2602.22871
2602.23225
2602.23792
2603.01331
2603.02333
2603.02547
2603.02760
2603.04893
2603.05197
2603.06123
2603.08026
2603.12554
2603.15340
2603.16459
2603.18489
2603.20466
2603.21342
2603.22075
2603.25702
2603.26771
2604.00375
2604.00666
2604.01622
2604.02028
2604.02560
2604.02718
2604.03537
2604.04215
2604.05250
2604.05551
2604.06627
2604.06832
2604.08302
2604.08964
2604.10567
2604.11035
2604.11748
2604.12056
2604.12989
2604.14001
2604.17068
2604.18738
2604.18995
2604.20079
2604.23994
2604.24089
2604.24416
2604.26841
2604.26951
2605.01373
2605.06366
2605.06548
2605.07013
2605.07701
2605.07748
2605.07933
2605.09536
2605.09603
2605.09820
2605.10218
2605.10518
2605.10971
2605.11577
2605.11854
2605.13026
2605.13043
2605.13935
2605.14305
2605.14368
2605.14531
2605.15609
2605.15676
2605.25045
2605.30963
2606.01166
2607.23575
2608.10299
