target,output,question
bathroom,"Answer

SkipSkipSkipSkipSkipSkipSkipSkipSkipSkipSkipSkipSkipSkipSkipSkipSkipSkip",Where is Mary? 
kitchen,"Answer

Skip















The

The

The

Thechemical",Where is Sandra? 
kitchen,"Answer

What

What

What

What

What

The

The

The take

The",Where is Mary? 
kitchen,"Answer

SkipSkipSkipSkipSkipSkipSkipSkipSkipSkipSkipSkipSkipSkipSkipSkipSkipSkip",Where is John? 
bedroom,"Answer

Skip

What

What

What

What

Thechemicalchemicalchemicalchemicalchemicalchemicalchemical",Where is Sandra? 
office,"Answer

Skip

Monday

Monday

The

The

Thechemical

Thechemical

Thechemical",Where is John? 
garden,"Answer



















What

What

The​

import>

import",Where is Mary? 
bathroom,"Answer

Skip

Skip

SkipSkipSkipSkipSkipSkipSkipSkipSkipSkipSkipSkipSkipSkip",Where is Sandra? 
kitchen,"Answer

Skip

Monday

Monday

The

The

Thechemical

Thechemicalchemicalchemicalchemical",Where is Mary? 
bedroom,"(Monday

Monday

What

The

Thechemical

Thechemical

Thechemicalchemicalchemicalchemical",Where is John? 
office,"Answer

What

What

TheSkipSkipSkipSkipSkipSkipSkipSkipSkipSkipSkipSkipSkip",Where is Daniel? 
office,"Answer

Skip

SkipSkipSkipSkipSkipSkipSkipSkipSkipSkipSkipSkipSkipSkipSkipSkip",Where is Daniel? 
bathroom,"Answer

Skip

The

The

The take

The​

import>

import>

import>

import",Where is Mary? 
bathroom,"Answer

SkipSkipSkipSkipSkipSkipSkipSkipSkipSkipSkipSkipSkipSkipSkipSkipSkipSkip",Where is Sandra? 
bathroom,"Answer

Monday

Monday

What

What are be be be be be be be be be be",Where is Sandra? 
hallway,"Answer

Skip

SkipSkipSkipSkipSkipSkipSkipSkipSkipSkipSkipSkipSkipSkipSkipSkip",Where is Mary? 
kitchen,"Answer

Monday

Monday

The

The

The

The

The

The

Thechemical",Where is Sandra? 
office,"Answer

Skip

SkipSkipSkipSkipSkipSkipSkipSkipSkipSkipSkipSkipSkipSkipSkipSkip",Where is Daniel? 
kitchen,"Answer

Skip

Skip

SkipSkipSkipSkipSkipSkipSkipSkipSkipSkipSkipSkipSkipSkip",Where is Sandra? 
bedroom,"Answer

Skip

Monday

Monday

The

The/



import>

import>

import>

import>",Where is John? 
hallway,"Answer

Monday

What

What

What

What

What

What

Thechemical

The",Where is Sandra? 
bedroom,"Answer

SkipSkipSkipSkipSkipSkipSkipSkipSkipSkipSkipSkipSkipSkipSkipSkipSkipSkip",Where is Mary? 
bedroom,"Answer

SkipSkip

What

The

The

The/



import>

import>

import>

import",Where is John? 
bedroom,"Answer

Skip













What

What

The/



import>

import>",Where is Mary? 
bedroom,"Answer

Skip

What

What

What

What

Thechemical

import>

import>

import",Where is Mary? 
garden,"Answer

Skip

The

TheSkipSkipSkipSkipSkipSkipSkipSkipSkipSkipSkipSkipSkip",Where is Mary? 
bedroom,"(Monday

Monday

Monday

The

The

The

The

The

The

The",Where is Daniel? 
office,"Answer

SkipSkipSkipSkipSkipSkipSkipSkipSkipSkipSkipSkipSkipSkipSkipSkipSkipSkip",Where is Sandra? 
office,"(Monday

Monday

What

The take

The take

The take

The take be be",Where is Sandra? 
garden,"Answer

Skip

Monday

Monday

The

The

The

Thechemical

Thechemical",Where is Sandra? 
garden,"Answer

SkipSkipSkipSkipSkipSkipSkipSkipSkipSkipSkipSkipSkipSkipSkipSkipSkipSkip",Where is Daniel? 
bathroom,"Answer

SkipSkipSkipSkipSkipSkipSkipSkipSkipSkipSkipSkipSkipSkipSkipSkipSkipSkip",Where is Mary? 
office,"Answer

What

What

What

What

What

Thechemicalchemicalchemicalchemicalchemicalchemicalchemical",Where is Mary? 
kitchen,"(1

Monday

What

The

The

The

The take

Thechemical

The",Where is Sandra? 
garden,"Answer

Skip

Skip

SkipSkipSkipSkipSkipSkipSkipSkipSkipSkipSkipSkipSkipSkip",Where is Sandra? 
kitchen,"(Monday

Skip

What

What

What

What

What

Thechemical

Thechemical",Where is Sandra? 
kitchen,"Answer

Skip

Monday

Monday

The

Thechemical

Thechemical

Thechemicalchemicalchemical",Where is Sandra? 
garden,"Answer

Tuesday

Tuesday

Tuesday

Tuesday

Tuesday

Tuesday

What

What

What",Where is John? 
garden,"Answer

Skip

Skip

Monday

Monday

Monday

Monday

Monday

The​

import>",Where is Sandra? 
bathroom,"Answer

Skip

SkipSkip

Monday

Monday

The

The

The

The/



import",Where is Sandra? 
bedroom,"Answer

Skip

What

The

The

The ﻿﻿﻿﻿﻿﻿﻿﻿﻿",Where is Mary? 
kitchen,"Answer

SkipSkipSkipSkipSkipSkipSkipSkipSkipSkipSkipSkipSkipSkipSkipSkipSkipSkip",Where is Sandra? 
office,"Answer

Monday

Monday

The

The

The/



import>

import>

import>

import>",Where is Mary? 
bedroom,"Answer

Skip

Skip

SkipSkipSkipSkipSkipSkipSkipSkipSkipSkipSkipSkipSkipSkip",Where is Mary? 
office,"(2015

What

The

The

The ﻿ 2006

Thechemicalchemicalchemical",Where is Daniel? 
office,"Answer

SkipSkipSkipSkipSkip

Thechemicalchemicalchemicalchemicalchemicalchemicalchemicalchemicalchemicalchemicalchemical",Where is Sandra? 
bathroom,"Answer

Skip

What

What

What

What

What

The#echo

The#echochemical",Where is Sandra? 
bedroom,"Answer

Monday

Monday

Monday

Monday

The

The

Thechemical

Thechemical",Where is Sandra? 
office,"Answer

What

What

What

What

What

What

What

What

import>",Where is Daniel? 
bedroom,"(Monday











The

The

The/



import>

import>

import>",Where is Sandra? 
hallway,"Answer















The

The/



import class of the#echochemicalchemical",Where is Daniel? 
bedroom,"Answer

Skip

Skip

Skip

The

The

The

The be be be be be",Where is Sandra? 
office,"Answer

SkipSkipSkipSkipSkipSkipSkipSkipSkipSkipSkipSkipSkipSkipSkipSkipSkipSkip",Where is John? 
garden,"Answer

What

What

What

Thechemical

Thechemicalchemicalchemicalchemicalchemicalchemicalchemicalchemical",Where is John? 
kitchen,"Answer

Skip

Skip

What

What

What

Thechemical

Thechemical

Thechemical",Where is Daniel? 
hallway,"Answer









What

The

The

Thechemical

Thechemicalchemicalchemicalchemical",Where is Mary? 
hallway,"Answer

Skip

Skip

Monday

Monday

Monday

Monday

Monday

Monday

import>",Where is Sandra? 
hallway,"(Monday

Skip

SkipSkipSkipSkipSkipSkipSkipSkipSkipSkipSkipSkipSkipSkipSkip",Where is John? 
bedroom,"Answer

Skip



Monday

The

The

The

The take

The​

import>",Where is Mary? 
bedroom,"Answer

Skip

Skip

Monday

What

The​

import>

import>

import>

import>",Where is Sandra? 
bedroom,"Answer

Monday

Monday

Monday

The

The

The

Thechemicalization of theSkip",Where is Daniel? 
kitchen,"Answer

Skip

Skip

The

The

The

Thechemical

Thechemicalchemicalchemicalchemical",Where is Sandra? 
bedroom,"Answer

Monday

Monday

Monday

Monday

Monday

Thechemical

Thechemical

Thechemical",Where is Daniel? 
garden,"Answer

Skip

Monday

What

What

What

What

The#echoMonday

The#echo",Where is John? 
bathroom,"Answer

What

What

What

The

The theSkipSkipSkipSkipSkipSkipSkipSkip",Where is Sandra? 
garden,"Answer

SkipSkipSkipSkip

SkipSkipSkipSkipSkipSkipSkipSkipSkipSkipSkipSkipSkip",Where is Sandra? 
office,"Answer

Skip

Monday

Monday

Monday

Monday

Monday

Monday﻿﻿﻿﻿﻿",Where is Daniel? 
bedroom,"Answer

What

What

What

What

The/



import>

import>

import>

import>",Where is Mary? 
garden,"Answer

Skip

The

The

The

The ﻿﻿﻿﻿﻿﻿﻿﻿﻿",Where is Sandra? 
bathroom,"Answer

Skip

Skip



The

The

The

The​

The​

import>

import",Where is Sandra? 
office,"Answer

Skip

Skip

Skip

Skip

The

The

The

The takeSkipSkip",Where is John? 
kitchen,"Answer

Skip

SkipSkipSkipSkipSkipSkipSkipSkipSkipSkipSkipSkipSkipSkipSkipSkip",Where is Daniel? 
bedroom,"Answer

Skip

Skip

Skip

The

The

Thechemical

Thechemical

Thechemical",Where is John? 
office,"(Monday

SkipSkipSkipSkipSkipSkipSkipSkipSkipSkipSkipSkipSkipSkipSkipSkipSkip",Where is Daniel? 
bathroom,"Answer

Skip

Skip

The

The take

import </SkipSkipSkipSkipSkipSkipSkip",Where is Sandra? 
office,"Answer

SkipSkipSkipSkipSkipSkipSkipSkipSkipSkipSkipSkipSkipSkipSkipSkipSkipSkip",Where is John? 
hallway,"Answer

SkipSkipSkipSkipSkipSkipSkipSkipSkipSkipSkipSkipSkipSkipSkipSkipSkipSkip",Where is Mary? 
office,"Answer

What

What

What

The

The/



import class of the/



import>

import",Where is John? 
office,"Answer

Monday

Monday

The/



import </SkipSkipSkipSkipSkipSkipSkipSkipSkipSkip",Where is Sandra? 
bathroom,"(Monday

SkipSkipSkipSkipSkipSkipSkipSkipSkipSkipSkipSkipSkipSkipSkipSkipSkip",Where is John? 
hallway,"Answer

Skip

Monday

Monday

The • • • • • Monday

The#echo the",Where is John? 
hallway,"Answer

Skip

Skip

••••••••••••••",Where is Daniel? 
hallway,"Answer

Skip

What

The

The

Thechemical

Thechemicalchemicalchemicalchemicalchemicalchemical",Where is Daniel? 
bathroom,"Answer

Skip

Monday

What

The

The/



import>

import>

import>

import>",Where is Daniel? 
bathroom,"(2015

Skip

The

The

The

The

Thechemical

Thechemical",Where is John? 
bathroom,"Answer

Monday

Monday

Monday

Monday

The takeSkipSkipSkipSkipSkipSkipSkipSkip",Where is Daniel? 
garden,"Answer

SkipSkipSkipSkipSkipSkipSkipSkipSkipSkipSkipSkipSkipSkipSkipSkipSkipSkip",Where is John? 
bedroom,"Answer

What

What

What

Thechemical

Thechemical

Thechemicalchemicalchemicalchemicalchemical",Where is John? 
office,"Answer

What

What

What

The

What

Thechemicalchemicalchemicalchemicalchemicalchemicalchemical",Where is Mary? 
garden,"Answer

Skip













What

What

What

The/



import>",Where is Sandra? 
office,"(1

















The

The

Thechemical

Thechemical",Where is John? 
bedroom,"Answer

Skip

Monday

Monday

The

The • 10

Thechemicalchemicalchemicalchemical",Where is Daniel? 
hallway,"(Monday

Skip

Skip

SkipSkipSkipSkipSkipSkipSkipSkipSkipSkipSkipSkipSkip",Where is John? 
kitchen,"Answer

Skip

Skip

SkipSkipSkipSkipSkipSkipSkipSkipSkipSkipSkipSkipSkipSkip",Where is Daniel? 
bedroom,"Answer

Skip

What

What

What

The/



import>

import>

import>

import>",Where is Daniel? 
hallway,"Answer

Skip

Skip

Monday

Monday

Monday

Monday

Monday

The/



import>",Where is Sandra? 
garden,"Answer

Skip

SkipSkipSkipSkipSkipSkipSkipSkipSkipSkipSkipSkipSkipSkipSkipSkip",Where is Sandra? 
bedroom,"Answer

Skip

Skip

Skip

SkipSkipSkipSkipSkipSkipSkipSkipSkipSkipSkipSkip",Where is John? 
office,"Answer

Monday

Monday

The

The

The

Thechemical

Thechemicalchemicalchemicalchemical",Where is John? 
garden,"Answer

SkipSkipSkipSkipSkipSkipSkipSkipSkipSkipSkipSkipSkipSkipSkipSkipSkipSkip",Where is Sandra? 
